0
3
6
8
17
18
19
21
24
25
31
34
44
46
53
69
72
75
78
81
84
86
95
117
122
128
139
148
151
155
156
157
165
171
186
194
197
198
199
201
205
208
219
223
227
234
236
239
241
243
248
253
256
258
259
261
264
265
266
268
296
297
300
301
309
312
317
326
341
345
346
348
358
364
369
375
387
389
391
392
395
407
409
414
415
416
435
437
438
440
441
448
449
452
454
462
469
471
480
486
489
494
497
504
515
516
527
532
533
535
546
549
552
557
568
573
582
583
584
585
586
591
593
596
597
600
601
609
621
625
627
632
637
638
641
642
643
649
654
655
660
662
665
667
673
676
679
680
682
692
695
700
706
707
710
713
722
723
726
731
740
744
747
748
754
762
766
767
772
773
775
781
785
791
793
797
798
804
805
807
811
814
828
832
839
856
869
