1
5
10
22
26
29
31
32
42
46
56
58
66
68
71
80
85
87
89
93
94
95
107
111
119
133
136
140
150
167
168
171
173
184
186
192
197
199
211
221
224
235
244
257
259
260
264
265
268
270
286
289
291
299
303
309
313
314
320
334
344
347
348
349
356
360
368
371
390
412
419
430
433
438
441
447
449
453
454
466
471
483
487
496
512
514
515
518
519
531
544
548
558
561
567
576
581
583
586
590
599
602
608
610
613
622
625
626
637
638
640
660
662
666
669
672
676
677
684
685
688
691
695
702
706
709
710
718
726
727
729
730
734
736
739
740
741
746
747
751
769
782
788
798
800
801
803
805
809
814
815
818
823
825
835
839
842
871
